qd =

   0.888796459100000
  -0.732464750600000
  -0.164280929000000
   1.294830459900000
   0.854875790900000
   1.281256232700000
   1.000000000000000


qend =

   0.888578181145298
  -0.732513535026965
  -0.164242815463912
   1.294898558782424
   0.854768579586569
   1.280936658776275
   0.999876588451270


qerr =

  1.0e-003 *

  -0.218277954702195
  -0.048784426964876
   0.038113536087625
   0.068098882423984
  -0.107211313430722
  -0.319573923725391
  -0.123411548729635
